model,variable,lead_12h,lead_24h,lead_36h,lead_48h
PanguWeather,MSE Convergence 850 hPa,1.232349614035983,1.26316004868898,1.2680216630086558,1.294711296895412
PanguWeather,MSE Divergence 200 hPa,1.2350337948361243,1.3832697430821135,1.3251990033760443,1.4019532805612085
PanguWeather,Vorticity Convergence 850 hPa,1.9121646773774286,1.9600250763885316,1.9648107347320707,2.001791472538374
PanguWeather,* Surface Temperature Energy Convergence,5.236519040199028,6.4359005853288975,5.297053371861631,5.740612853952929
PanguWeather,HKE Spectrum NRMSE (scaled),3.693440210120885,4.378559623752269,4.068260933151466,3.540447003259341
PanguWeather,Precipitation FSS (scaled),5.402216202125475,5.492029765301579,5.559389937683657,5.647288870637015
FourcastNet,MSE Convergence 850 hPa,1.2767744620301398,1.3030173053932372,1.31213761710766,1.3170296477850811
FourcastNet,MSE Divergence 200 hPa,1.3774588464709199,1.4246006578413664,1.4514742176231408,1.4718353960809438
FourcastNet,Vorticity Convergence 850 hPa,1.9276897513699993,1.989965296978419,2.002854723970715,2.018669814404044
FourcastNet,* Surface Temperature Energy Convergence,6.962291719077842,5.917935376844302,6.261806863184836,6.160421726321014
FourcastNet,HKE Spectrum NRMSE (scaled),4.126251738490294,5.301154437008391,6.01861032412,6.528440120765676
FourcastNet,Precipitation FSS (scaled),5.412833696997068,5.555734734531141,5.728573626457249,5.896016742301071
AIFS,MSE Convergence 850 hPa,1.1951392519340778,1.2106395330489974,1.2223576684298016,1.2331028170667404
AIFS,MSE Divergence 200 hPa,1.2747057055863196,1.319677465399155,1.3400858612630746,1.3612977758718368
AIFS,Vorticity Convergence 850 hPa,1.9793216746659257,2.01970065399567,2.0328534067617485,1.9985426330797789
AIFS,* Surface Temperature Energy Convergence,6.407001300848607,6.341480068724206,6.30684107487767,6.278074695175831
AIFS,HKE Spectrum NRMSE (scaled),6.757685108550471,7.973526935028463,8.74487672016733,9.201194135973383
AIFS,Precipitation FSS (scaled),5.780268642471402,5.888706335996039,5.972253836624973,6.038395607956212
Graphcast,MSE Convergence 850 hPa,1.153732957899673,1.179355403209331,1.1982763076630303,1.2108386549463894
Graphcast,MSE Divergence 200 hPa,1.292370254334239,1.3384946383212175,1.367330653598572,1.385115209647985
Graphcast,Vorticity Convergence 850 hPa,1.8920922040504917,1.873525088177967,1.87143655134157,1.8913149624311598
Graphcast,* Surface Temperature Energy Convergence,6.253311144766689,6.109324776076291,6.0851647952544825,6.120689937835497
Graphcast,HKE Spectrum NRMSE (scaled),2.353274404851561,3.5771166415417177,4.689342127649086,5.804153104948452
Graphcast,Precipitation FSS (scaled),5.571573948192043,5.670438490602948,5.800633345749705,5.907156409051596
Aurora,MSE Convergence 850 hPa,1.1937815299253722,1.2140141338337316,1.2312807756308624,1.240179900861138
Aurora,MSE Divergence 200 hPa,1.2985219160630261,1.3571243901564067,1.3900489167598036,1.4064933395550885
Aurora,Vorticity Convergence 850 hPa,2.116668018419768,2.065030596805862,2.0575854383893772,2.0031127323807274
Aurora,* Surface Temperature Energy Convergence,6.235189618920824,6.196729147040035,6.1881283151626025,6.193727215063618
Aurora,HKE Spectrum NRMSE (scaled),3.1326817777551583,3.779953594196259,3.963564658267122,4.18683387402257
Aurora,Precipitation FSS (scaled),5.2847275293660365,5.449733843108182,5.63388645907779,5.759555824607145
